2.1
看C# 书，打算半个月给这1600页的书啃了。
我的规程表工具读写json打算采用 静态构造函数 来读 ，静态构造只执行一次。


2.2
部署2050代码 和 环境，增改数据库字段
dll更新

把文件放在桌面上了，但记住dll还没有更新
config也没有配置好

2.3
与会关于宝数云监控项目（BSE）

后天周三要去果园开会，记好会议纪要。和需求分析。

2.4
登上1880 .31 和 .34更新了一下画面程序

2.5
参与果园会议，做好会议纪要。感觉谈的还是可以的。

2.7-2.11
画面遗传表增加 （约30张）
双击显示画面
编辑键修改

2.14
进厂看情况
updateDLL实际是用在操作工的机器上的

2.15-2.16
遗传表工具编写

2.17
重钢有个精度统计工具，字段基本不用改变
改变的是要怎么用重钢的数据库里拿出来数据，做好最后数据的校对工作。
ftp方式还是数据库获取方式？

2.18
百度网盘导入iphone11照片、视频数据
太大了，更新下ios，顺便装下spotify

2.19
陈嘉融说要装50台系统

linux自动运维工具有
宝塔、蓝鲸智云、jumpServer

2.20
防火墙关掉，意味着所有端口都是开启的

2.21-2.23
华东电网安装32g内存条，装纯净版系统

2.24
帮虹姐office激活。


成对的工作辊电文：
BRA80120230224140800DDEEFpeigundanhao0011JIW7777        000012300000100200003001111122222018001                   1                   21111        000012300000100200003001111122222018001                   3                   4




42 52 41 38 30 31 32 30 32 33 30 32 32 34 31 34 30 38 30 30 44 44 45 45 46 70 65 69 67 75 6e 64 61 6e 68 61 6f 30 30 31 31 4a 49 57 37 37 37 37 20 20 20 20 20 20 20 20 30 30 30 30 31 32 33 30 30 30 30 30 31 30 30 32 30 30 30 30 33 30 30 31 31 31 31 31 32 32 32 32 32 30 31 38 30 30 31 20 20 20 20 20 20 20 20 20 20 20 20 20 20 20 20 20 20 20 31 20 20 20 20 20 20 20 20 20 20 20 20 20 20 20 20 20 20 20 32 31 31 31 31 20 20 20 20 20 20 20 20 30 30 30 30 31 32 33 30 30 30 30 30 31 30 30 32 30 30 30 30 33 30 30 31 31 31 31 31 32 32 32 32 32 30 31 38 30 30 31 20 20 20 20 20 20 20 20 20 20 20 20 20 20 20 20 20 20 20 33 20 20 20 20 20 20 20 20 20 20 20 20 20 20 20 20 20 20 20 34 0A

单单上支撑辊电文
BRA80120230224150800DDEEFpeigundanhao0012P2B9991        000023400000100200003001111122222018001                   1                   21111        000012300000100200003001111122222018001                   3                   4


42 52 41 38 30 31 32 30 32 33 30 32 32 34 31 35 30 38 30 30 44 44 45 45 46 70 65 69 67 75 6e 64 61 6e 68 61 6f 30 30 31 32 50 32 42 39 39 39 31 20 20 20 20 20 20 20 20 30 30 30 30 32 33 34 30 30 30 30 30 31 30 30 32 30 30 30 30 33 30 30 31 31 31 31 31 32 32 32 32 32 30 31 38 30 30 31 20 20 20 20 20 20 20 20 20 20 20 20 20 20 20 20 20 20 20 31 20 20 20 20 20 20 20 20 20 20 20 20 20 20 20 20 20 20 20 32 31 31 31 31 20 20 20 20 20 20 20 20 30 30 30 30 31 32 33 30 30 30 30 30 31 30 30 32 30 30 30 30 33 30 30 31 31 31 31 31 32 32 32 32 32 30 31 38 30 30 31 20 20 20 20 20 20 20 20 20 20 20 20 20 20 20 20 20 20 20 33 20 20 20 20 20 20 20 20 20 20 20 20 20 20 20 20 20 20 20 34 0A

2.28
最后一天，在centos7系统上装todesk（失败），感觉少linux内核
最后装了向日葵，一切正常。